Food Name                  ID          weight      18:2_n_6_c  18:3_n_3_c  Calcium_Ca  Carbohydra  Cholestero  Energy_kca  saturated_  trans_Fatt  Fiber_tota  Histidine_  Iron_Fe_mg  Isoleucine  Leucine_g   Lysine_g    Magnesium_  Sodium_Na_  Threonine_  Tryptophan  Vitamin_A_  Vitamin_B_  Vitamin_B_  Vitamin_C_  Vitamin_D_  Vitamin_E_  Vitamin_K_  
-------------------------  ----------  ----------  ----------  ----------  ----------  ----------  ----------  ----------  ----------  ----------  ----------  ----------  ----------  ----------  ----------  ----------  ----------  ----------  ----------  ----------  ----------  ----------  ----------  ----------  ----------  ----------  ----------  
Oil, coconut               4047        0.17394484  0.116924    0.014084    0.001186    0.000000    0.000000    0.587723    6.113395    0.000049    0.000000    0.000000    0.003927    0.000000    0.000000    0.000000    0.000000    0.000000    0.000000    0.000000    0.000000    0.000000    0.000000    0.000000    0.000000    0.008697    0.005930    
Vegetable oil, palm kerne  4513        0.58450674  0.000000    0.000000    0.000000    0.000000    0.000000    1.908503    20.299985   0.000000    0.000000    0.000000    0.000000    0.000000    0.000000    0.000000    0.000000    0.000000    0.000000    0.000000    0.000000    0.000000    0.000000    0.000000    0.000000    1.012259    0.820302    
Nuts, coconut meat, dried  12108       0.0         0.000000    0.000000    0.000000    0.000000    0.000000    0.000000    0.000000    0.000000    0.000000    0.000000    0.000000    0.000000    0.000000    0.000000    0.000000    0.000000    0.000000    0.000000    0.000000    0.000000    0.000000    0.000000    0.000000    0.000000    0.000000    
Butter, without salt       1145        0.0         0.000000    0.000000    0.000000    0.000000    0.000000    0.000000    0.000000    0.000000    0.000000    0.000000    0.000000    0.000000    0.000000    0.000000    0.000000    0.000000    0.000000    0.000000    0.000000    0.000000    0.000000    0.000000    0.000000    0.000000    0.000000    
Nuts, coconut cream, raw   12115       0.0         0.000000    0.000000    0.000000    0.000000    0.000000    0.000000    0.000000    0.000000    0.000000    0.000000    0.000000    0.000000    0.000000    0.000000    0.000000    0.000000    0.000000    0.000000    0.000000    0.000000    0.000000    0.000000    0.000000    0.000000    0.000000    
Nuts, coconut meat, raw    12104       0.0         0.000000    0.000000    0.000000    0.000000    0.000000    0.000000    0.000000    0.000000    0.000000    0.000000    0.000000    0.000000    0.000000    0.000000    0.000000    0.000000    0.000000    0.000000    0.000000    0.000000    0.000000    0.000000    0.000000    0.000000    0.000000    
Butter, light, stick, wit  4602        0.0         0.000000    0.000000    0.000000    0.000000    0.000000    0.000000    0.000000    0.000000    0.000000    0.000000    0.000000    0.000000    0.000000    0.000000    0.000000    0.000000    0.000000    0.000000    0.000000    0.000000    0.000000    0.000000    0.000000    0.000000    0.000000    
Nuts, coconut milk, raw (  12117       0.0         0.000000    0.000000    0.000000    0.000000    0.000000    0.000000    0.000000    0.000000    0.000000    0.000000    0.000000    0.000000    0.000000    0.000000    0.000000    0.000000    0.000000    0.000000    0.000000    0.000000    0.000000    0.000000    0.000000    0.000000    0.000000    
Spices, turmeric, ground   2043        0.0         0.000000    0.000000    0.000000    0.000000    0.000000    0.000000    0.000000    0.000000    0.000000    0.000000    0.000000    0.000000    0.000000    0.000000    0.000000    0.000000    0.000000    0.000000    0.000000    0.000000    0.000000    0.000000    0.000000    0.000000    0.000000    
Cheese food, cold pack, A  1045        2.15488260  0.000000    0.000000    7.302113    0.543292    4.701562    2.701766    14.100094   0.000000    0.000000    10.127881   0.817325    8.468849    7.325117    9.088407    1.101929    6.170800    5.646831    10.160755   1.035813    7.233172    1.218603    0.000000    0.000000    0.000000    0.000000    
Cheese, white, queso blan  1229        23.6629411  5.789195    10.587821   111.323379  1.814159    56.468381   27.786029   137.752598  0.210600    0.000000    0.000000    1.923237    0.000000    0.000000    0.000000    11.697022   49.383528   0.000000    0.000000    8.954272    108.593040  8.161816    0.000000    5.445165    5.055265    2.151176    
Lamb, composite of trimme  17005       0.0         0.000000    0.000000    0.000000    0.000000    0.000000    0.000000    0.000000    0.000000    0.000000    0.000000    0.000000    0.000000    0.000000    0.000000    0.000000    0.000000    0.000000    0.000000    0.000000    0.000000    0.000000    0.000000    0.000000    0.000000    0.000000    
Oil, sheanut               4536        0.0         0.000000    0.000000    0.000000    0.000000    0.000000    0.000000    0.000000    0.000000    0.000000    0.000000    0.000000    0.000000    0.000000    0.000000    0.000000    0.000000    0.000000    0.000000    0.000000    0.000000    0.000000    0.000000    0.000000    0.000000    0.000000    
Spices, cloves, ground     2011        5.39677576  5.534581    13.453610   23.255197   10.716688   0.000000    5.601199    9.088661    0.013708    41.579703   4.116614    28.827749   5.599929    4.222168    4.316612    23.825538   4.431542    3.989949    2.659966    0.588739    0.000000    8.463125    0.081769    0.000000    21.636164   43.480840   
Spices, thyme, dried       2042        0.0         0.000000    0.000000    0.000000    0.000000    0.000000    0.000000    0.000000    0.000000    0.000000    0.000000    0.000000    0.000000    0.000000    0.000000    0.000000    0.000000    0.000000    0.000000    0.000000    0.000000    0.000000    0.000000    0.000000    0.000000    0.000000    
Yogurt, plain, whole milk  1116        41.7676042  0.000000    0.000000    34.458272   5.898092    18.510642   9.650848    37.306063   0.000000    0.000000    21.076595   0.942977    34.130153   28.592280   28.080629   8.543373    5.695582    24.360623   13.724294   2.819313    40.526258   5.360548    1.582106    0.711948    1.139116    0.474632    
Milk, buttermilk, fluid,   1230        51.9075069  0.000000    0.000000    40.700203   7.676019    19.465314   12.190399   42.005264   0.000000    0.000000    29.543663   0.703142    37.254190   30.863483   30.184871   8.847870    16.156980   29.208632   34.965077   5.839594    62.615697   7.494667    0.000000    23.004463   1.651602    0.884787    
Milk, whole, 3.25% milkfa  1211        7.83963943  0.000000    0.000000    6.040086    1.135560    2.672604    1.811432    6.230509    0.000000    0.000000    4.370007    0.106196    5.524851    4.584674    4.474112    1.336302    0.999322    4.314807    5.152008    0.865924    9.251322    1.131927    0.000000    0.133630    0.249443    0.133630    
Yogurt, plain, low fat     1117        68.5296969  0.000000    0.000000    85.506369   14.619668   14.017438   16.353677   29.202995   0.000000    0.000000    52.273864   2.475486    84.738684   70.904805   69.776084   19.858037   14.220589   60.798524   33.776958   2.382964    100.638013  13.467734   4.153315    0.584060    0.934496    0.778747    
Spices, pepper, black      2030        0.0         0.000000    0.000000    0.000000    0.000000    0.000000    0.000000    0.000000    0.000000    0.000000    0.000000    0.000000    0.000000    0.000000    0.000000    0.000000    0.000000    0.000000    0.000000    0.000000    0.000000    0.000000    0.000000    0.000000    0.000000    0.000000    
Jackfruit, raw             9144        9.73367256  0.058558    3.276819    1.592783    6.857815    0.000000    3.502647    0.808835    0.000000    3.318297    1.941861    1.010872    2.903773    1.960899    1.451887    4.811531    0.057710    3.438236    5.437210    0.730025    0.000000    12.843763   10.102372   0.000000    1.504295    0.000000    
Milk, fluid, 1% fat, with  1175        0.0         0.000000    0.000000    0.000000    0.000000    0.000000    0.000000    0.000000    0.000000    0.000000    0.000000    0.000000    0.000000    0.000000    0.000000    0.000000    0.000000    0.000000    0.000000    0.000000    0.000000    0.000000    0.000000    0.000000    0.000000    0.000000    
Buckwheat                  20008       0.0         0.000000    0.000000    0.000000    0.000000    0.000000    0.000000    0.000000    0.000000    0.000000    0.000000    0.000000    0.000000    0.000000    0.000000    0.000000    0.000000    0.000000    0.000000    0.000000    0.000000    0.000000    0.000000    0.000000    0.000000    0.000000    
Spices, cumin seed         2014        4.60525532  0.000000    0.000000    29.232904   6.173833    0.000000    6.541556    3.012386    0.000000    10.989813   0.000000    137.991300  0.000000    0.000000    0.000000    28.730512   2.293526    0.000000    0.000000    3.987732    0.000000    8.034570    2.686399    0.000000    6.970682    1.412976    
Chicken, broiler or fryer  5062        5.99462200  0.762150    0.332088    0.204362    0.000000    14.918434   2.724828    1.438198    0.000420    0.000000    29.511155   1.001510    28.613287   21.819729   28.030136   2.861070    0.799678    24.843538   27.872037   0.122617    3.301234    19.498549   0.000000    0.051091    1.525904    0.000000    
Buckwheat flour, whole-gr  20011       0.0         0.000000    0.000000    0.000000    0.000000    0.000000    0.000000    0.000000    0.000000    0.000000    0.000000    0.000000    0.000000    0.000000    0.000000    0.000000    0.000000    0.000000    0.000000    0.000000    0.000000    0.000000    0.000000    0.000000    0.000000    0.000000    
Nuts, cashew nuts, raw     12087       0.0         0.000000    0.000000    0.000000    0.000000    0.000000    0.000000    0.000000    0.000000    0.000000    0.000000    0.000000    0.000000    0.000000    0.000000    0.000000    0.000000    0.000000    0.000000    0.000000    0.000000    0.000000    0.000000    0.000000    0.000000    0.000000    
Cranberries, dried, sweet  9079        0.0         0.000000    0.000000    0.000000    0.000000    0.000000    0.000000    0.000000    0.000000    0.000000    0.000000    0.000000    0.000000    0.000000    0.000000    0.000000    0.000000    0.000000    0.000000    0.000000    0.000000    0.000000    0.000000    0.000000    0.000000    0.000000    
Spices, chili powder       2009        0.0         0.000000    0.000000    0.000000    0.000000    0.000000    0.000000    0.000000    0.000000    0.000000    0.000000    0.000000    0.000000    0.000000    0.000000    0.000000    0.000000    0.000000    0.000000    0.000000    0.000000    0.000000    0.000000    0.000000    0.000000    0.000000    
Nuts, coconut water (liqu  12119       47.6738164  0.000000    0.000000    7.801170    5.359693    0.000000    3.431070    3.575536    0.000000    11.918454   4.755446    6.242658    5.771316    4.941934    3.297895    20.315546   14.839182   5.091125    6.266000    0.000000    0.000000    6.118564    8.667966    0.000000    0.000000    0.000000    
Spices, caraway seed       2005        0.0         0.000000    0.000000    0.000000    0.000000    0.000000    0.000000    0.000000    0.000000    0.000000    0.000000    0.000000    0.000000    0.000000    0.000000    0.000000    0.000000    0.000000    0.000000    0.000000    0.000000    0.000000    0.000000    0.000000    0.000000    0.000000    
Spices, bay leaf           2004        0.25412680  0.000000    0.000000    1.445057    0.577330    0.000000    0.301294    0.246907    0.000000    1.518985    0.000000    4.934129    0.000000    0.000000    0.000000    0.519805    0.017327    0.000000    0.000000    1.071664    0.000000    1.773452    0.895219    0.000000    0.000000    0.000000    
Egg, yolk, raw, fresh      1125        8.76272640  0.000000    0.000000    7.707216    0.953278    324.121290  10.687871   35.664544   0.000000    0.000000    21.389224   10.801735   32.809077   23.977182   23.053491   0.746823    1.246870    24.726148   25.481969   8.615353    44.809395   12.300618   0.000000    16.280747   10.276288   0.348518    
Millet flour               20647       0.0         0.000000    0.000000    0.000000    0.000000    0.000000    0.000000    0.000000    0.000000    0.000000    0.000000    0.000000    0.000000    0.000000    0.000000    0.000000    0.000000    0.000000    0.000000    0.000000    0.000000    0.000000    0.000000    0.000000    0.000000    0.000000    
Fish, Salmon, pink, canne  15265       12.0250298  0.289372    1.998478    4.919330    0.000000    34.025367   6.194712    3.838102    0.002646    0.000000    46.004063   3.094943    59.580981   44.146026   54.927842   4.919330    13.474687   63.220308   52.551881   0.541126    156.409474  5.064016    0.000000    57.699644   6.996381    0.068324    
Sorghum flour, whole-grai  20648       0.0         0.000000    0.000000    0.000000    0.000000    0.000000    0.000000    0.000000    0.000000    0.000000    0.000000    0.000000    0.000000    0.000000    0.000000    0.000000    0.000000    0.000000    0.000000    0.000000    0.000000    0.000000    0.000000    0.000000    0.000000    0.000000    
Egg, whole, raw, fresh     1123        0.0         0.000000    0.000000    0.000000    0.000000    0.000000    0.000000    0.000000    0.000000    0.000000    0.000000    0.000000    0.000000    0.000000    0.000000    0.000000    0.000000    0.000000    0.000000    0.000000    0.000000    0.000000    0.000000    0.000000    0.000000    0.000000    
Yogurt, plain, skim milk   1118        60.2603274  0.000000    0.000000    81.762305   14.024221   4.108659    12.782493   2.978777    0.000000    0.000000    50.209080   2.448869    81.547884   68.006196   66.957847   19.516128   13.755074   58.164745   31.681223   0.287606    96.395451   12.809347   4.108659    0.000000    0.000000    0.684776    
Mustard, prepared, yellow  2046        2.83269969  0.406727    4.502544    1.216773    0.500444    0.000000    0.643795    0.258323    0.000255    2.575181    1.977926    2.059292    1.788094    1.617799    1.616633    2.317663    9.270653    1.943021    0.418855    0.210521    0.000000    0.795277    0.064380    0.000000    0.463533    0.225328    
Nuts, pistachio nuts, raw  12151       2.51962841  14.239605   0.000000    1.803825    2.074494    0.000000    5.344666    6.342377    0.000000    6.070014    7.569530    4.459788    9.989476    7.904639    6.198486    5.196733    0.007469    7.078693    10.390362   0.886451    0.000000    17.179284   1.068933    0.000000    3.275517    0.000000    
Peas, green, split, matur  16085       0.0         0.000000    0.000000    0.000000    0.000000    0.000000    0.000000    0.000000    0.000000    0.000000    0.000000    0.000000    0.000000    0.000000    0.000000    0.000000    0.000000    0.000000    0.000000    0.000000    0.000000    0.000000    0.000000    0.000000    0.000000    0.000000    
Spices, oregano, dried     2027        0.75897561  0.000000    2.008482    8.264209    1.585109    0.000000    0.761851    0.501635    0.000000    7.331014    0.641287    12.611515   1.447116    1.157880    0.820360    3.493013    0.056248    1.003793    2.531304    0.880239    0.000000    3.177957    0.132246    0.000000    6.299497    26.809950   
Seeds, pumpkin and squash  12014       0.0         0.000000    0.000000    0.000000    0.000000    0.000000    0.000000    0.000000    0.000000    0.000000    0.000000    0.000000    0.000000    0.000000    0.000000    0.000000    0.000000    0.000000    0.000000    0.000000    0.000000    0.000000    0.000000    0.000000    0.000000    0.000000    
Spices, cinnamon, ground   2010        0.0         0.000000    0.000000    0.000000    0.000000    0.000000    0.000000    0.000000    0.000000    0.000000    0.000000    0.000000    0.000000    0.000000    0.000000    0.000000    0.000000    0.000000    0.000000    0.000000    0.000000    0.000000    0.000000    0.000000    0.000000    0.000000    
Plantains, green, raw      9542        0.0         0.000000    0.000000    0.000000    0.000000    0.000000    0.000000    0.000000    0.000000    0.000000    0.000000    0.000000    0.000000    0.000000    0.000000    0.000000    0.000000    0.000000    0.000000    0.000000    0.000000    0.000000    0.000000    0.000000    0.000000    0.000000    
Garlic, raw                11215       3.05970784  0.000000    0.000000    3.775958    3.065271    0.000000    1.726881    0.116043    0.000000    1.460315    2.028714    2.348662    2.870626    1.843197    1.805716    1.303853    0.154195    1.973059    3.317755    0.018775    0.000000    15.155371   7.232037    0.000000    0.111262    0.295540    
Dates, deglet noor         9087        0.0         0.000000    0.000000    0.000000    0.000000    0.000000    0.000000    0.000000    0.000000    0.000000    0.000000    0.000000    0.000000    0.000000    0.000000    0.000000    0.000000    0.000000    0.000000    0.000000    0.000000    0.000000    0.000000    0.000000    0.000000    0.000000    
Potatoes, raw, skin        11362       53.1856660  0.000000    0.000000    10.878886   20.049384   0.000000    11.684729   0.589273    0.000000    30.219127   0.000000    77.809250   0.000000    0.000000    0.000000    20.851198   1.576650    0.000000    0.000000    0.000000    0.000000    50.981446   45.933074   0.000000    0.000000    0.000000    
Bananas, raw               9040        2.45282515  0.000000    0.000000    0.083619    1.697652    0.000000    0.826899    0.117067    0.000000    1.449397    1.108204    0.287960    0.296935    0.326225    0.265121    1.128857    0.007271    0.282088    0.362685    0.107032    0.000000    3.610375    1.616635    0.000000    0.111492    0.069683    
Watermelon, raw            9326        0.0         0.000000    0.000000    0.000000    0.000000    0.000000    0.000000    0.000000    0.000000    0.000000    0.000000    0.000000    0.000000    0.000000    0.000000    0.000000    0.000000    0.000000    0.000000    0.000000    0.000000    0.000000    0.000000    0.000000    0.000000    0.000000    
Lentils, pink or red, raw  16144       0.0         0.000000    0.000000    0.000000    0.000000    0.000000    0.000000    0.000000    0.000000    0.000000    0.000000    0.000000    0.000000    0.000000    0.000000    0.000000    0.000000    0.000000    0.000000    0.000000    0.000000    0.000000    0.000000    0.000000    0.000000    0.000000    
Chicken, broilers or frye  5080        0.54357534  0.134295    0.057909    0.037062    0.000000    1.686319    0.247080    0.243219    0.000082    0.000000    1.830771    0.191446    2.176244    1.711697    2.098689    0.213106    0.154693    1.998220    1.937938    0.011860    0.812512    0.885127    0.000000    0.004633    0.044474    0.086478    
Okara                      16130       55.9985602  0.000000    0.000000    30.544668   20.753405   0.000000    16.120797   4.605563    0.000000    0.000000    30.557811   32.870918   38.495579   26.724394   25.663719   24.817543   1.494033    30.130659   46.001006   0.000000    0.000000    25.828212   0.000000    0.000000    0.000000    0.000000    
Chicken, gizzard, all cla  5023        2.70389340  0.000000    0.103700    0.202792    0.000000    22.122764   0.962750    0.609528    0.001622    0.000000    0.000000    3.040049    0.000000    0.000000    0.000000    0.691336    0.553069    0.000000    0.000000    0.117988    8.579661    1.214583    0.757909    0.000000    0.405584    0.000000    
Chicken, liver, all class  5027        0.0         0.000000    0.000000    0.000000    0.000000    0.000000    0.000000    0.000000    0.000000    0.000000    0.000000    0.000000    0.000000    0.000000    0.000000    0.000000    0.000000    0.000000    0.000000    0.000000    0.000000    0.000000    0.000000    0.000000    0.000000    0.000000    
Chicken, heart, all class  5025        0.0         0.000000    0.000000    0.000000    0.000000    0.000000    0.000000    0.000000    0.000000    0.000000    0.000000    0.000000    0.000000    0.000000    0.000000    0.000000    0.000000    0.000000    0.000000    0.000000    0.000000    0.000000    0.000000    0.000000    0.000000    0.000000    
Chicken, capons, giblets,  5137        0.0         0.000000    0.000000    0.000000    0.000000    0.000000    0.000000    0.000000    0.000000    0.000000    0.000000    0.000000    0.000000    0.000000    0.000000    0.000000    0.000000    0.000000    0.000000    0.000000    0.000000    0.000000    0.000000    0.000000    0.000000    0.000000    
Chicken, broilers or frye  5020        0.0         0.000000    0.000000    0.000000    0.000000    0.000000    0.000000    0.000000    0.000000    0.000000    0.000000    0.000000    0.000000    0.000000    0.000000    0.000000    0.000000    0.000000    0.000000    0.000000    0.000000    0.000000    0.000000    0.000000    0.000000    0.000000    
Chicken, broilers or frye  5011        0.0         0.000000    0.000000    0.000000    0.000000    0.000000    0.000000    0.000000    0.000000    0.000000    0.000000    0.000000    0.000000    0.000000    0.000000    0.000000    0.000000    0.000000    0.000000    0.000000    0.000000    0.000000    0.000000    0.000000    0.000000    0.000000    
Quinoa, uncooked           20035       0.0         0.000000    0.000000    0.000000    0.000000    0.000000    0.000000    0.000000    0.000000    0.000000    0.000000    0.000000    0.000000    0.000000    0.000000    0.000000    0.000000    0.000000    0.000000    0.000000    0.000000    0.000000    0.000000    0.000000    0.000000    0.000000    
Fish oil, salmon           4593        0.0         0.000000    0.000000    0.000000    0.000000    0.000000    0.000000    0.000000    0.000000    0.000000    0.000000    0.000000    0.000000    0.000000    0.000000    0.000000    0.000000    0.000000    0.000000    0.000000    0.000000    0.000000    0.000000    0.000000    0.000000    0.000000    
Fish oil, cod liver        4589        6.62719506  0.000000    0.000000    0.000000    0.000000    128.778445  22.642916   63.846998   0.000000    0.000000    0.000000    0.000000    0.000000    0.000000    0.000000    0.000000    0.000000    0.000000    0.000000    451.854194  0.000000    0.000000    0.000000    564.817743  0.000000    0.000000    
Oil, sunflower, high olei  4584        11.9911447  0.000000    0.000000    0.000000    0.000000    0.000000    40.152165   50.378136   0.000000    0.000000    0.000000    0.000000    0.000000    0.000000    0.000000    0.000000    0.000000    0.000000    0.000000    0.000000    0.000000    0.000000    0.000000    0.000000    223.907368  3.679101    
Oil, mustard               4583        0.0         0.000000    0.000000    0.000000    0.000000    0.000000    0.000000    0.000000    0.000000    0.000000    0.000000    0.000000    0.000000    0.000000    0.000000    0.000000    0.000000    0.000000    0.000000    0.000000    0.000000    0.000000    0.000000    0.000000    0.000000    0.000000    
Apricots, dried, sulfured  9033        0.0         0.000000    0.000000    0.000000    0.000000    0.000000    0.000000    0.000000    0.000000    0.000000    0.000000    0.000000    0.000000    0.000000    0.000000    0.000000    0.000000    0.000000    0.000000    0.000000    0.000000    0.000000    0.000000    0.000000    0.000000    0.000000    
Chicken, ground, raw       5332        7.23679044  3.781900    1.757800    0.296051    0.008772    21.216953   3.919928    7.095961    0.004704    0.000000    22.462811   2.679486    24.842962   19.263948   23.607071   2.590442    1.287176    21.609309   17.477681   0.000000    10.627454   14.860575   0.000000    0.000000    0.888152    0.328945    
Apricots, raw              9021        0.0         0.000000    0.000000    0.000000    0.000000    0.000000    0.000000    0.000000    0.000000    0.000000    0.000000    0.000000    0.000000    0.000000    0.000000    0.000000    0.000000    0.000000    0.000000    0.000000    0.000000    0.000000    0.000000    0.000000    0.000000    0.000000    
Java-plum, (jambolan), ra  9145        5.31919683  0.000000    0.000000    0.689078    2.508082    0.000000    1.208908    0.000000    0.000000    0.000000    0.000000    0.456343    0.000000    0.000000    0.000000    1.360022    0.220757    0.000000    0.000000    0.010880    0.000000    0.810680    5.762463    0.000000    0.000000    0.000000    
Couscous, dry              20028       0.0         0.000000    0.000000    0.000000    0.000000    0.000000    0.000000    0.000000    0.000000    0.000000    0.000000    0.000000    0.000000    0.000000    0.000000    0.000000    0.000000    0.000000    0.000000    0.000000    0.000000    0.000000    0.000000    0.000000    0.000000    0.000000    
Guavas, common, raw        9139        0.0         0.000000    0.000000    0.000000    0.000000    0.000000    0.000000    0.000000    0.000000    0.000000    0.000000    0.000000    0.000000    0.000000    0.000000    0.000000    0.000000    0.000000    0.000000    0.000000    0.000000    0.000000    0.000000    0.000000    0.000000    0.000000    
Grapes, red or green (Eur  9132        0.0         0.000000    0.000000    0.000000    0.000000    0.000000    0.000000    0.000000    0.000000    0.000000    0.000000    0.000000    0.000000    0.000000    0.000000    0.000000    0.000000    0.000000    0.000000    0.000000    0.000000    0.000000    0.000000    0.000000    0.000000    0.000000    
Grapefruit, raw, pink and  9111        0.0         0.000000    0.000000    0.000000    0.000000    0.000000    0.000000    0.000000    0.000000    0.000000    0.000000    0.000000    0.000000    0.000000    0.000000    0.000000    0.000000    0.000000    0.000000    0.000000    0.000000    0.000000    0.000000    0.000000    0.000000    0.000000    
Goji berries, dried        9110        0.0         0.000000    0.000000    0.000000    0.000000    0.000000    0.000000    0.000000    0.000000    0.000000    0.000000    0.000000    0.000000    0.000000    0.000000    0.000000    0.000000    0.000000    0.000000    0.000000    0.000000    0.000000    0.000000    0.000000    0.000000    0.000000    
Gooseberries, raw          9107        13.5826621  0.000000    0.000000    2.315226    4.190045    0.000000    2.263777    0.219947    0.000000    13.273965   0.000000    1.901246    0.000000    0.000000    0.000000    2.315226    0.040265    0.000000    0.000000    2.685663    0.000000    4.358073    28.503010   0.000000    2.284357    0.000000    
Figs, dried, uncooked      9094        0.0         0.000000    0.000000    0.000000    0.000000    0.000000    0.000000    0.000000    0.000000    0.000000    0.000000    0.000000    0.000000    0.000000    0.000000    0.000000    0.000000    0.000000    0.000000    0.000000    0.000000    0.000000    0.000000    0.000000    0.000000    0.000000    
Figs, raw                  9089        0.0         0.000000    0.000000    0.000000    0.000000    0.000000    0.000000    0.000000    0.000000    0.000000    0.000000    0.000000    0.000000    0.000000    0.000000    0.000000    0.000000    0.000000    0.000000    0.000000    0.000000    0.000000    0.000000    0.000000    0.000000    0.000000    
Couscous, cooked           20029       54.9393891  0.000000    0.000000    2.996694    38.657351   0.000000    23.307619   0.678938    0.000000    17.480714   24.822012   9.426686    34.917089   27.830741   8.669889    7.491735    0.814319    22.565466   44.228313   0.000000    0.000000    11.237602   0.000000    0.000000    3.246418    0.312156    
Crabapples, raw            9077        55.2477475  0.000000    0.000000    6.780405    33.399774   0.000000    15.904654   1.130068    0.000000    0.000000    1.945039    8.980669    3.821831    2.701443    2.985805    6.592061    0.163778    3.176897    3.630739    1.506757    0.000000    0.000000    33.483482   0.000000    0.000000    0.000000    
Cherries, sweet, raw       9070        62.4804746  0.000000    0.000000    5.538042    30.312496   0.000000    14.910113   1.011758    0.000000    29.820226   5.499181    10.156368   5.402704    3.666121    4.322163    11.715089   0.000000    5.645826    9.238624    2.726421    0.000000    12.278916   33.133584   0.000000    1.988015    7.455056    
Carissa, (natal-plum), ra  9061        0.0         0.000000    0.000000    0.000000    0.000000    0.000000    0.000000    0.000000    0.000000    0.000000    0.000000    0.000000    0.000000    0.000000    0.000000    0.000000    0.000000    0.000000    0.000000    0.000000    0.000000    0.000000    0.000000    0.000000    0.000000    0.000000    
Carambola, (starfruit), r  9060        6.74042208  0.000000    0.000000    0.137872    1.374638    0.000000    0.791489    0.054574    0.000000    4.289359    0.316402    0.243483    1.282262    1.015124    1.121979    1.148936    0.039963    1.218149    0.885926    0.280340    0.000000    0.459574    17.565948   0.000000    0.459574    0.000000    
Blueberries, raw           9050        19.6745268  0.000000    0.000000    0.804867    8.638906    0.000000    4.247909    0.234753    0.000000    10.731560   1.269870    2.487448    1.956451    1.693161    0.552910    2.012167    0.058324    1.616199    0.969719    0.724380    0.000000    4.103243    14.457796   0.000000    5.097491    21.574907   
Blackberries, raw          9042        10.1817550  0.000000    0.000000    2.013211    2.965050    0.000000    1.658392    0.060743    0.000000    12.264386   0.000000    2.850401    0.000000    0.000000    0.000000    3.471053    0.030183    0.000000    0.000000    1.485611    0.000000    1.225077    16.198246   0.000000    5.414842    11.454474   
Avocados, raw, all commer  9037        0.0         0.000000    0.000000    0.000000    0.000000    0.000000    0.000000    0.000000    0.000000    0.000000    0.000000    0.000000    0.000000    0.000000    0.000000    0.000000    0.000000    0.000000    0.000000    0.000000    0.000000    0.000000    0.000000    0.000000    0.000000    0.000000    
Oil, soybean lecithin      4531        0.0         0.000000    0.000000    0.000000    0.000000    0.000000    0.000000    0.000000    0.000000    0.000000    0.000000    0.000000    0.000000    0.000000    0.000000    0.000000    0.000000    0.000000    0.000000    0.000000    0.000000    0.000000    0.000000    0.000000    0.000000    0.000000    
Oats (Includes foods for   20038       0.0         0.000000    0.000000    0.000000    0.000000    0.000000    0.000000    0.000000    0.000000    0.000000    0.000000    0.000000    0.000000    0.000000    0.000000    0.000000    0.000000    0.000000    0.000000    0.000000    0.000000    0.000000    0.000000    0.000000    0.000000    0.000000    
Oil, palm                  4055        0.0         0.000000    0.000000    0.000000    0.000000    0.000000    0.000000    0.000000    0.000000    0.000000    0.000000    0.000000    0.000000    0.000000    0.000000    0.000000    0.000000    0.000000    0.000000    0.000000    0.000000    0.000000    0.000000    0.000000    0.000000    0.000000    
Oil, almond                4529        9.33798036  0.000000    0.000000    0.000000    0.000000    0.000000    31.268085   32.629874   0.000000    0.000000    0.000000    0.000000    0.000000    0.000000    0.000000    0.000000    0.000000    0.000000    0.000000    0.000000    0.000000    0.000000    0.000000    0.000000    166.385827  3.713969    
Spices, anise seed         2002        0.0         0.000000    0.000000    0.000000    0.000000    0.000000    0.000000    0.000000    0.000000    0.000000    0.000000    0.000000    0.000000    0.000000    0.000000    0.000000    0.000000    0.000000    0.000000    0.000000    0.000000    0.000000    0.000000    0.000000    0.000000    0.000000    
Spices, fenugreek seed     2019        0.0         0.000000    0.000000    0.000000    0.000000    0.000000    0.000000    0.000000    0.000000    0.000000    0.000000    0.000000    0.000000    0.000000    0.000000    0.000000    0.000000    0.000000    0.000000    0.000000    0.000000    0.000000    0.000000    0.000000    0.000000    0.000000    
Spices, fennel seed        2018        0.0         0.000000    0.000000    0.000000    0.000000    0.000000    0.000000    0.000000    0.000000    0.000000    0.000000    0.000000    0.000000    0.000000    0.000000    0.000000    0.000000    0.000000    0.000000    0.000000    0.000000    0.000000    0.000000    0.000000    0.000000    0.000000    
Semolina, enriched         20066       0.0         0.000000    0.000000    0.000000    0.000000    0.000000    0.000000    0.000000    0.000000    0.000000    0.000000    0.000000    0.000000    0.000000    0.000000    0.000000    0.000000    0.000000    0.000000    0.000000    0.000000    0.000000    0.000000    0.000000    0.000000    0.000000    
Sorghum grain              20067       0.0         0.000000    0.000000    0.000000    0.000000    0.000000    0.000000    0.000000    0.000000    0.000000    0.000000    0.000000    0.000000    0.000000    0.000000    0.000000    0.000000    0.000000    0.000000    0.000000    0.000000    0.000000    0.000000    0.000000    0.000000    0.000000    
Wheat, soft white          20075       9.53227112  0.000000    0.000000    2.209754    21.768240   0.000000    12.276409   1.494833    0.000000    27.513600   0.000000    23.113318   0.000000    0.000000    0.000000    14.623370   0.056515    0.000000    0.000000    0.058493    0.000000    14.451330   0.000000    0.000000    4.376179    1.029052    
Spices, cardamom           2006        0.0         0.000000    0.000000    0.000000    0.000000    0.000000    0.000000    0.000000    0.000000    0.000000    0.000000    0.000000    0.000000    0.000000    0.000000    0.000000    0.000000    0.000000    0.000000    0.000000    0.000000    0.000000    0.000000    0.000000    0.000000    0.000000    
Wheat flour, whole-grain   20080       0.0         0.000000    0.000000    0.000000    0.000000    0.000000    0.000000    0.000000    0.000000    0.000000    0.000000    0.000000    0.000000    0.000000    0.000000    0.000000    0.000000    0.000000    0.000000    0.000000    0.000000    0.000000    0.000000    0.000000    0.000000    0.000000    
Rice flour, brown          20090       1.71697604  0.000000    0.000000    0.128773    3.979222    0.000000    2.360842    0.407538    0.000000    1.795020    1.853722    1.535045    2.271551    2.008198    1.024425    3.277863    0.040719    1.868833    2.595210    0.000000    0.000000    5.068293    0.000000    0.000000    0.468266    0.000000    
Macaroni, vegetable, enri  20105       0.0         0.000000    0.000000    0.000000    0.000000    0.000000    0.000000    0.000000    0.000000    0.000000    0.000000    0.000000    0.000000    0.000000    0.000000    0.000000    0.000000    0.000000    0.000000    0.000000    0.000000    0.000000    0.000000    0.000000    0.000000    0.000000    
Spices, mustard seed, gro  2024        0.0         0.000000    0.000000    0.000000    0.000000    0.000000    0.000000    0.000000    0.000000    0.000000    0.000000    0.000000    0.000000    0.000000    0.000000    0.000000    0.000000    0.000000    0.000000    0.000000    0.000000    0.000000    0.000000    0.000000    0.000000    0.000000    
Noodles, flat, crunchy, C  20118       40.5048979  240.040248  347.628672  5.799565    63.703156   0.000000    79.935800   85.112065   0.055087    17.490751   0.000000    32.189322   0.000000    0.000000    0.000000    14.498912   45.387898   0.000000    0.000000    0.027617    0.000000    4.386225    0.000000    0.000000    60.573232   14.498912   
Pasta, whole-wheat, dry (  20124       0.0         0.000000    0.000000    0.000000    0.000000    0.000000    0.000000    0.000000    0.000000    0.000000    0.000000    0.000000    0.000000    0.000000    0.000000    0.000000    0.000000    0.000000    0.000000    0.000000    0.000000    0.000000    0.000000    0.000000    0.000000    0.000000    
Barley flour or meal       20130       0.0         0.000000    0.000000    0.000000    0.000000    0.000000    0.000000    0.000000    0.000000    0.000000    0.000000    0.000000    0.000000    0.000000    0.000000    0.000000    0.000000    0.000000    0.000000    0.000000    0.000000    0.000000    0.000000    0.000000    0.000000    0.000000    
Barley malt flour          20131       0.0         0.000000    0.000000    0.000000    0.000000    0.000000    0.000000    0.000000    0.000000    0.000000    0.000000    0.000000    0.000000    0.000000    0.000000    0.000000    0.000000    0.000000    0.000000    0.000000    0.000000    0.000000    0.000000    0.000000    0.000000    0.000000    
Spelt, uncooked            20140       0.0         0.000000    0.000000    0.000000    0.000000    0.000000    0.000000    0.000000    0.000000    0.000000    0.000000    0.000000    0.000000    0.000000    0.000000    0.000000    0.000000    0.000000    0.000000    0.000000    0.000000    0.000000    0.000000    0.000000    0.000000    0.000000    
Egg, white, raw, fresh     1124        26.2659463  0.000000    0.000000    1.253602    0.581035    0.000000    5.173595    0.000000    0.000000    0.000000    44.694439   0.948800    75.063945   52.194885   45.765158   4.924865    12.925337   48.439524   53.941564   0.000000    6.199131    0.526724    0.000000    0.000000    0.000000    0.000000    
Corn grain, white          20314       1.34887575  0.000000    0.000000    0.064378    3.035379    0.000000    1.864923    0.383395    0.000000    0.000000    2.271519    1.650566    1.965345    3.047159    0.772725    2.920009    0.139953    1.961262    1.484797    0.000000    0.000000    3.364976    0.000000    0.000000    0.000000    0.000000    
Corn flour, whole-grain,   20316       0.0         0.000000    0.000000    0.000000    0.000000    0.000000    0.000000    0.000000    0.000000    0.000000    0.000000    0.000000    0.000000    0.000000    0.000000    0.000000    0.000000    0.000000    0.000000    0.000000    0.000000    0.000000    0.000000    0.000000    0.000000    0.000000    
Spices, mace, ground       2022        0.0         0.000000    0.000000    0.000000    0.000000    0.000000    0.000000    0.000000    0.000000    0.000000    0.000000    0.000000    0.000000    0.000000    0.000000    0.000000    0.000000    0.000000    0.000000    0.000000    0.000000    0.000000    0.000000    0.000000    0.000000    0.000000    
Spices, nutmeg, ground     2025        0.0         0.000000    0.000000    0.000000    0.000000    0.000000    0.000000    0.000000    0.000000    0.000000    0.000000    0.000000    0.000000    0.000000    0.000000    0.000000    0.000000    0.000000    0.000000    0.000000    0.000000    0.000000    0.000000    0.000000    0.000000    0.000000    
Oil, poppyseed             4514        0.0         0.000000    0.000000    0.000000    0.000000    0.000000    0.000000    0.000000    0.000000    0.000000    0.000000    0.000000    0.000000    0.000000    0.000000    0.000000    0.000000    0.000000    0.000000    0.000000    0.000000    0.000000    0.000000    0.000000    0.000000    0.000000    
Spearmint, fresh           2065        0.0         0.000000    0.000000    0.000000    0.000000    0.000000    0.000000    0.000000    0.000000    0.000000    0.000000    0.000000    0.000000    0.000000    0.000000    0.000000    0.000000    0.000000    0.000000    0.000000    0.000000    0.000000    0.000000    0.000000    0.000000    0.000000    
Rice, brown, medium-grain  20040       0.0         0.000000    0.000000    0.000000    0.000000    0.000000    0.000000    0.000000    0.000000    0.000000    0.000000    0.000000    0.000000    0.000000    0.000000    0.000000    0.000000    0.000000    0.000000    0.000000    0.000000    0.000000    0.000000    0.000000    0.000000    0.000000    
Oil, sesame, salad or coo  4058        0.0         0.000000    0.000000    0.000000    0.000000    0.000000    0.000000    0.000000    0.000000    0.000000    0.000000    0.000000    0.000000    0.000000    0.000000    0.000000    0.000000    0.000000    0.000000    0.000000    0.000000    0.000000    0.000000    0.000000    0.000000    0.000000    
Lemons, raw, without peel  9150        0.0         0.000000    0.000000    0.000000    0.000000    0.000000    0.000000    0.000000    0.000000    0.000000    0.000000    0.000000    0.000000    0.000000    0.000000    0.000000    0.000000    0.000000    0.000000    0.000000    0.000000    0.000000    0.000000    0.000000    0.000000    0.000000    
Oil, olive, salad or cook  4053        0.0         0.000000    0.000000    0.000000    0.000000    0.000000    0.000000    0.000000    0.000000    0.000000    0.000000    0.000000    0.000000    0.000000    0.000000    0.000000    0.000000    0.000000    0.000000    0.000000    0.000000    0.000000    0.000000    0.000000    0.000000    0.000000    
Rice, white, steamed, Chi  20058       13.4259082  0.000000    0.000000    0.457701    13.783932   0.000000    7.679212    0.000000    0.000000    2.746208    0.000000    2.364285    0.000000    0.000000    0.000000    1.144254    0.199001    0.000000    0.000000    0.000000    0.000000    1.184639    0.000000    0.000000    0.000000    0.000000    
Oil, rice bran             4037        0.12614693  0.000000    0.000000    0.000000    0.000000    0.000000    0.422401    1.058989    0.000000    0.000000    0.000000    0.003987    0.000000    0.000000    0.000000    0.000000    0.000000    0.000000    0.000000    0.000000    0.000000    0.000000    0.000000    0.000000    1.852066    0.177036    
Vinegar, balsamic          2069        6.79450499  0.000000    0.000000    1.250807    3.506376    0.000000    2.264835    0.000000    0.000000    0.000000    0.000000    2.208930    0.000000    0.000000    0.000000    1.389785    0.463262    0.000000    0.000000    0.000000    0.000000    0.000000    0.000000    0.000000    0.000000    0.000000    
Vanilla extract            2050        69.8026754  0.000000    0.000000    5.235200    26.757691   0.000000    76.148371   0.297455    0.000000    0.000000    0.000000    3.782204    0.000000    0.000000    0.000000    14.277820   1.862324    0.000000    0.000000    0.000000    0.000000    7.278888    0.000000    0.000000    0.000000    0.000000    
Spices, paprika            2028        0.0         0.000000    0.000000    0.000000    0.000000    0.000000    0.000000    0.000000    0.000000    0.000000    0.000000    0.000000    0.000000    0.000000    0.000000    0.000000    0.000000    0.000000    0.000000    0.000000    0.000000    0.000000    0.000000    0.000000    0.000000    0.000000    
Salt, table                2047        3.56138557  0.000000    0.000000    0.582772    0.000000    0.000000    0.000000    0.000000    0.000000    0.000000    0.000000    0.530670    0.000000    0.000000    0.000000    0.060705    409.186297  0.000000    0.000000    0.000000    0.000000    0.000000    0.000000    0.000000    0.000000    0.000000    
Basil, fresh               2044        0.0         0.000000    0.000000    0.000000    0.000000    0.000000    0.000000    0.000000    0.000000    0.000000    0.000000    0.000000    0.000000    0.000000    0.000000    0.000000    0.000000    0.000000    0.000000    0.000000    0.000000    0.000000    0.000000    0.000000    0.000000    0.000000    
Rice flour, white, unenri  20061       0.0         0.000000    0.000000    0.000000    0.000000    0.000000    0.000000    0.000000    0.000000    0.000000    0.000000    0.000000    0.000000    0.000000    0.000000    0.000000    0.000000    0.000000    0.000000    0.000000    0.000000    0.000000    0.000000    0.000000    0.000000    0.000000    
Rye grain                  20062       0.0         0.000000    0.000000    0.000000    0.000000    0.000000    0.000000    0.000000    0.000000    0.000000    0.000000    0.000000    0.000000    0.000000    0.000000    0.000000    0.000000    0.000000    0.000000    0.000000    0.000000    0.000000    0.000000    0.000000    0.000000    0.000000    
Spices, saffron            2037        3.14795067  0.000000    0.000000    2.382426    6.235804    0.000000    3.696457    2.127550    0.000000    2.790229    0.000000    15.777657   0.000000    0.000000    0.000000    14.165778   1.381117    0.000000    0.000000    1.137555    0.000000    12.751725   19.269273   0.000000    0.000000    0.000000    
Spices, poppy seed         2033        0.0         0.000000    0.000000    0.000000    0.000000    0.000000    0.000000    0.000000    0.000000    0.000000    0.000000    0.000000    0.000000    0.000000    0.000000    0.000000    0.000000    0.000000    0.000000    0.000000    0.000000    0.000000    0.000000    0.000000    0.000000    0.000000    
Rye flour, medium          20064       0.0         0.000000    0.000000    0.000000    0.000000    0.000000    0.000000    0.000000    0.000000    0.000000    0.000000    0.000000    0.000000    0.000000    0.000000    0.000000    0.000000    0.000000    0.000000    0.000000    0.000000    0.000000    0.000000    0.000000    0.000000    0.000000    
Spices, parsley, dried     2029        0.0         0.000000    0.000000    0.000000    0.000000    0.000000    0.000000    0.000000    0.000000    0.000000    0.000000    0.000000    0.000000    0.000000    0.000000    0.000000    0.000000    0.000000    0.000000    0.000000    0.000000    0.000000    0.000000    0.000000    0.000000    0.000000    
Kiwifruit, green, raw      9148        0.0         0.000000    0.000000    0.000000    0.000000    0.000000    0.000000    0.000000    0.000000    0.000000    0.000000    0.000000    0.000000    0.000000    0.000000    0.000000    0.000000    0.000000    0.000000    0.000000    0.000000    0.000000    0.000000    0.000000    0.000000    0.000000    
Limes, raw                 9159        0.0         0.000000    0.000000    0.000000    0.000000    0.000000    0.000000    0.000000    0.000000    0.000000    0.000000    0.000000    0.000000    0.000000    0.000000    0.000000    0.000000    0.000000    0.000000    0.000000    0.000000    0.000000    0.000000    0.000000    0.000000    0.000000    
Peas, green, raw           11304       0.0         0.000000    0.000000    0.000000    0.000000    0.000000    0.000000    0.000000    0.000000    0.000000    0.000000    0.000000    0.000000    0.000000    0.000000    0.000000    0.000000    0.000000    0.000000    0.000000    0.000000    0.000000    0.000000    0.000000    0.000000    0.000000    
Nuts, macadamia nuts, raw  12131       0.0         0.000000    0.000000    0.000000    0.000000    0.000000    0.000000    0.000000    0.000000    0.000000    0.000000    0.000000    0.000000    0.000000    0.000000    0.000000    0.000000    0.000000    0.000000    0.000000    0.000000    0.000000    0.000000    0.000000    0.000000    0.000000    
Nuts, hazelnuts or filber  12120       0.0         0.000000    0.000000    0.000000    0.000000    0.000000    0.000000    0.000000    0.000000    0.000000    0.000000    0.000000    0.000000    0.000000    0.000000    0.000000    0.000000    0.000000    0.000000    0.000000    0.000000    0.000000    0.000000    0.000000    0.000000    0.000000    
Winged beans, mature seed  16135       0.0         0.000000    0.000000    0.000000    0.000000    0.000000    0.000000    0.000000    0.000000    0.000000    0.000000    0.000000    0.000000    0.000000    0.000000    0.000000    0.000000    0.000000    0.000000    0.000000    0.000000    0.000000    0.000000    0.000000    0.000000    0.000000    
Chickpea flour (besan)     16157       4.01232281  0.000000    0.000000    1.231054    7.030076    0.000000    5.881700    1.184889    0.000000    9.848428    0.000000    8.804886    0.000000    0.000000    0.000000    11.353049   0.761231    0.000000    0.000000    0.112163    0.000000    7.917364    0.000000    0.000000    1.513740    2.074553    
Peanut Butter, smooth (In  16167       0.0         0.000000    0.000000    0.000000    0.000000    0.000000    0.000000    0.000000    0.000000    0.000000    0.000000    0.000000    0.000000    0.000000    0.000000    0.000000    0.000000    0.000000    0.000000    0.000000    0.000000    0.000000    0.000000    0.000000    0.000000    0.000000    
Tofu, raw, firm, prepared  16426       0.0         0.000000    0.000000    0.000000    0.000000    0.000000    0.000000    0.000000    0.000000    0.000000    0.000000    0.000000    0.000000    0.000000    0.000000    0.000000    0.000000    0.000000    0.000000    0.000000    0.000000    0.000000    0.000000    0.000000    0.000000    0.000000    
Nuts, chestnuts, european  12100       0.0         0.000000    0.000000    0.000000    0.000000    0.000000    0.000000    0.000000    0.000000    0.000000    0.000000    0.000000    0.000000    0.000000    0.000000    0.000000    0.000000    0.000000    0.000000    0.000000    0.000000    0.000000    0.000000    0.000000    0.000000    0.000000    
Barley, hulled             20004       0.0         0.000000    0.000000    0.000000    0.000000    0.000000    0.000000    0.000000    0.000000    0.000000    0.000000    0.000000    0.000000    0.000000    0.000000    0.000000    0.000000    0.000000    0.000000    0.000000    0.000000    0.000000    0.000000    0.000000    0.000000    0.000000    
Nuts, almonds              12061       3.89644922  19.253043   0.049813    7.146442    2.544499    0.000000    8.545621    6.312912    0.000584    11.069458   12.323107   6.527315    12.651611   11.225688   4.784364    17.932521   0.011551    9.618425    13.507406   0.005313    0.000000    2.140963    0.000000    0.000000    45.393632   0.000000    
Seeds, sunflower seed ker  12036       0.0         0.000000    0.000000    0.000000    0.000000    0.000000    0.000000    0.000000    0.000000    0.000000    0.000000    0.000000    0.000000    0.000000    0.000000    0.000000    0.000000    0.000000    0.000000    0.000000    0.000000    0.000000    0.000000    0.000000    0.000000    0.000000    
Seeds, sesame seeds, whol  12023       0.0         0.000000    0.000000    0.000000    0.000000    0.000000    0.000000    0.000000    0.000000    0.000000    0.000000    0.000000    0.000000    0.000000    0.000000    0.000000    0.000000    0.000000    0.000000    0.000000    0.000000    0.000000    0.000000    0.000000    0.000000    0.000000    
Seeds, safflower seed ker  12021       0.0         0.000000    0.000000    0.000000    0.000000    0.000000    0.000000    0.000000    0.000000    0.000000    0.000000    0.000000    0.000000    0.000000    0.000000    0.000000    0.000000    0.000000    0.000000    0.000000    0.000000    0.000000    0.000000    0.000000    0.000000    0.000000    
Seeds, chia seeds, dried   12006       0.0         0.000000    0.000000    0.000000    0.000000    0.000000    0.000000    0.000000    0.000000    0.000000    0.000000    0.000000    0.000000    0.000000    0.000000    0.000000    0.000000    0.000000    0.000000    0.000000    0.000000    0.000000    0.000000    0.000000    0.000000    0.000000    
Tomatoes, yellow, raw      11696       40.7618579  0.000000    0.000000    3.057139    3.680919    0.000000    2.316015    0.625324    0.000000    6.484841    3.587630    9.018653    4.053393    2.870104    3.172220    8.337653    2.779218    4.018146    4.687837    0.000000    0.000000    9.155069    27.792175   0.000000    0.000000    0.000000    
Peppers, hot chili, green  11670       0.0         0.000000    0.000000    0.000000    0.000000    0.000000    0.000000    0.000000    0.000000    0.000000    0.000000    0.000000    0.000000    0.000000    0.000000    0.000000    0.000000    0.000000    0.000000    0.000000    0.000000    0.000000    0.000000    0.000000    0.000000    0.000000    
Drumstick pods, raw        11620       0.0         0.000000    0.000000    0.000000    0.000000    0.000000    0.000000    0.000000    0.000000    0.000000    0.000000    0.000000    0.000000    0.000000    0.000000    0.000000    0.000000    0.000000    0.000000    0.000000    0.000000    0.000000    0.000000    0.000000    0.000000    0.000000    
Yam, raw                   11601       0.0         0.000000    0.000000    0.000000    0.000000    0.000000    0.000000    0.000000    0.000000    0.000000    0.000000    0.000000    0.000000    0.000000    0.000000    0.000000    0.000000    0.000000    0.000000    0.000000    0.000000    0.000000    0.000000    0.000000    0.000000    0.000000    
Spinach, raw               11457       0.0         0.000000    0.000000    0.000000    0.000000    0.000000    0.000000    0.000000    0.000000    0.000000    0.000000    0.000000    0.000000    0.000000    0.000000    0.000000    0.000000    0.000000    0.000000    0.000000    0.000000    0.000000    0.000000    0.000000    0.000000    0.000000    
Radishes, raw              11429       0.0         0.000000    0.000000    0.000000    0.000000    0.000000    0.000000    0.000000    0.000000    0.000000    0.000000    0.000000    0.000000    0.000000    0.000000    0.000000    0.000000    0.000000    0.000000    0.000000    0.000000    0.000000    0.000000    0.000000    0.000000    0.000000    
Nuts, pecans               12142       0.0         0.000000    0.000000    0.000000    0.000000    0.000000    0.000000    0.000000    0.000000    0.000000    0.000000    0.000000    0.000000    0.000000    0.000000    0.000000    0.000000    0.000000    0.000000    0.000000    0.000000    0.000000    0.000000    0.000000    0.000000    0.000000    
Nuts, pine nuts, dried     12147       0.0         0.000000    0.000000    0.000000    0.000000    0.000000    0.000000    0.000000    0.000000    0.000000    0.000000    0.000000    0.000000    0.000000    0.000000    0.000000    0.000000    0.000000    0.000000    0.000000    0.000000    0.000000    0.000000    0.000000    0.000000    0.000000    
Chickpeas (garbanzo beans  16056       0.0         0.000000    0.000000    0.000000    0.000000    0.000000    0.000000    0.000000    0.000000    0.000000    0.000000    0.000000    0.000000    0.000000    0.000000    0.000000    0.000000    0.000000    0.000000    0.000000    0.000000    0.000000    0.000000    0.000000    0.000000    0.000000    
Miso                       16112       0.0         0.000000    0.000000    0.000000    0.000000    0.000000    0.000000    0.000000    0.000000    0.000000    0.000000    0.000000    0.000000    0.000000    0.000000    0.000000    0.000000    0.000000    0.000000    0.000000    0.000000    0.000000    0.000000    0.000000    0.000000    0.000000    
Soybeans, mature seeds, r  16108       0.0         0.000000    0.000000    0.000000    0.000000    0.000000    0.000000    0.000000    0.000000    0.000000    0.000000    0.000000    0.000000    0.000000    0.000000    0.000000    0.000000    0.000000    0.000000    0.000000    0.000000    0.000000    0.000000    0.000000    0.000000    0.000000    
Pigeon peas (red gram), m  16101       1.48038765  0.000000    0.000000    1.312162    2.816325    0.000000    1.923382    0.208180    0.000000    5.046776    6.723244    3.495979    5.024374    4.485058    4.867563    4.617800    0.074605    4.663707    5.156224    0.028262    0.000000    1.680280    0.000000    0.000000    0.000000    0.000000    
Peanuts, all types, raw    16087       0.0         0.000000    0.000000    0.000000    0.000000    0.000000    0.000000    0.000000    0.000000    0.000000    0.000000    0.000000    0.000000    0.000000    0.000000    0.000000    0.000000    0.000000    0.000000    0.000000    0.000000    0.000000    0.000000    0.000000    0.000000    0.000000    
Mung beans, mature seeds,  16080       0.0         0.000000    0.000000    0.000000    0.000000    0.000000    0.000000    0.000000    0.000000    0.000000    0.000000    0.000000    0.000000    0.000000    0.000000    0.000000    0.000000    0.000000    0.000000    0.000000    0.000000    0.000000    0.000000    0.000000    0.000000    0.000000    
Mothbeans, mature seeds,   16078       0.0         0.000000    0.000000    0.000000    0.000000    0.000000    0.000000    0.000000    0.000000    0.000000    0.000000    0.000000    0.000000    0.000000    0.000000    0.000000    0.000000    0.000000    0.000000    0.000000    0.000000    0.000000    0.000000    0.000000    0.000000    0.000000    
Lupins, mature seeds, raw  16076       0.0         0.000000    0.000000    0.000000    0.000000    0.000000    0.000000    0.000000    0.000000    0.000000    0.000000    0.000000    0.000000    0.000000    0.000000    0.000000    0.000000    0.000000    0.000000    0.000000    0.000000    0.000000    0.000000    0.000000    0.000000    0.000000    
Cowpeas, common (blackeye  16062       0.0         0.000000    0.000000    0.000000    0.000000    0.000000    0.000000    0.000000    0.000000    0.000000    0.000000    0.000000    0.000000    0.000000    0.000000    0.000000    0.000000    0.000000    0.000000    0.000000    0.000000    0.000000    0.000000    0.000000    0.000000    0.000000    
Beans, kidney, all types,  16027       0.0         0.000000    0.000000    0.000000    0.000000    0.000000    0.000000    0.000000    0.000000    0.000000    0.000000    0.000000    0.000000    0.000000    0.000000    0.000000    0.000000    0.000000    0.000000    0.000000    0.000000    0.000000    0.000000    0.000000    0.000000    0.000000    
Nuts, walnuts, english     12155       0.0         0.000000    0.000000    0.000000    0.000000    0.000000    0.000000    0.000000    0.000000    0.000000    0.000000    0.000000    0.000000    0.000000    0.000000    0.000000    0.000000    0.000000    0.000000    0.000000    0.000000    0.000000    0.000000    0.000000    0.000000    0.000000    
Yardlong beans, mature se  16133       0.0         0.000000    0.000000    0.000000    0.000000    0.000000    0.000000    0.000000    0.000000    0.000000    0.000000    0.000000    0.000000    0.000000    0.000000    0.000000    0.000000    0.000000    0.000000    0.000000    0.000000    0.000000    0.000000    0.000000    0.000000    0.000000    
Fish, bass, striped, raw   15004       1.67652650  0.000000    0.000000    0.171463    0.000000    4.572345    0.615996    0.362215    0.000000    0.000000    5.135034    0.635889    5.922013    4.725150    5.900267    1.143086    0.342926    5.350470    5.481305    0.102878    16.794574   2.017211    0.000000    0.000000    0.000000    0.000000    
Fish, bass, fresh water,   15003       0.0         0.000000    0.000000    0.000000    0.000000    0.000000    0.000000    0.000000    0.000000    0.000000    0.000000    0.000000    0.000000    0.000000    0.000000    0.000000    0.000000    0.000000    0.000000    0.000000    0.000000    0.000000    0.000000    0.000000    0.000000    0.000000    
Fish, anchovy, european,   15002       2.35112458  0.000000    0.000000    3.719051    0.000000    6.812918    1.870213    2.207185    0.000000    0.000000    11.726192   4.915280    13.529775   10.797294   13.484032   2.765243    25.564994   12.225590   12.515296   0.064122    5.425672    1.914218    0.000000    1.382622    3.558748    1.616398    
Fish, anchovy, european,   15001       0.0         0.000000    0.000000    0.000000    0.000000    0.000000    0.000000    0.000000    0.000000    0.000000    0.000000    0.000000    0.000000    0.000000    0.000000    0.000000    0.000000    0.000000    0.000000    0.000000    0.000000    0.000000    0.000000    0.000000    0.000000    0.000000    
Seeds, flaxseed            12220       0.0         0.000000    0.000000    0.000000    0.000000    0.000000    0.000000    0.000000    0.000000    0.000000    0.000000    0.000000    0.000000    0.000000    0.000000    0.000000    0.000000    0.000000    0.000000    0.000000    0.000000    0.000000    0.000000    0.000000    0.000000    0.000000    
Seeds, watermelon seed ke  12174       0.0         0.000000    0.000000    0.000000    0.000000    0.000000    0.000000    0.000000    0.000000    0.000000    0.000000    0.000000    0.000000    0.000000    0.000000    0.000000    0.000000    0.000000    0.000000    0.000000    0.000000    0.000000    0.000000    0.000000    0.000000    0.000000    
Pumpkin, raw               11422       21.0123608  0.000000    0.000000    3.008588    4.138798    0.000000    2.069399    0.465615    0.000000    2.387768    1.972683    7.590257    2.816264    1.890488    2.452875    4.297983    0.062290    2.502841    4.142634    121.962424  0.000000    5.140724    14.326609   0.000000    10.124137   1.313273    
Onions, raw                11282       63.2670558  0.000000    0.000000    9.921424    17.906493   0.000000    9.585917    1.132336    0.000000    24.444089   5.197184    5.999134    3.829504    3.093562    5.333952    10.784157   0.750202    5.457043    14.552115   0.086273    0.000000    30.449384   35.467894   0.000000    0.575155    1.437888    
Blueberries, dried, sweet  9163        0.0         0.000000    0.000000    0.000000    0.000000    0.000000    0.000000    0.000000    0.000000    0.000000    0.000000    0.000000    0.000000    0.000000    0.000000    0.000000    0.000000    0.000000    0.000000    0.000000    0.000000    0.000000    0.000000    0.000000    0.000000    0.000000    
Okra, raw                  11278       17.8643975  0.000000    0.000000    9.987822    4.033023    0.000000    2.233050    0.197929    0.000000    12.992289   3.249470    5.001171    5.329351    3.668756    3.128097    17.356886   0.370704    4.769383    4.989508    8.721074    0.000000    15.404460   31.127358   0.000000    2.192449    31.770206   
Raspberries, raw           9302        5.16697268  0.000000    0.000000    0.880734    1.869505    0.000000    1.017737    0.041835    0.000000    7.633028    0.000000    1.609818    0.000000    0.000000    0.000000    1.937615    0.015317    0.000000    0.000000    0.116257    0.000000    1.139773    10.255658   0.000000    2.043303    2.289908    
Raisins, golden, seedless  9297        0.0         0.000000    0.000000    0.000000    0.000000    0.000000    0.000000    0.000000    0.000000    0.000000    0.000000    0.000000    0.000000    0.000000    0.000000    0.000000    0.000000    0.000000    0.000000    0.000000    0.000000    0.000000    0.000000    0.000000    0.000000    0.000000    
Plums, dried (prunes), st  9292        39.5776104  0.000000    0.000000    5.127099    33.676947   0.000000    16.040925   0.168655    0.000000    27.884225   0.000000    7.326981    0.000000    0.000000    0.000000    12.143130   0.117325    0.000000    0.000000    9.228779    0.000000    34.603952   8.695081    0.000000    3.418066    58.691795   
Pomegranates, raw          9286        0.0         0.000000    0.000000    0.000000    0.000000    0.000000    0.000000    0.000000    0.000000    0.000000    0.000000    0.000000    0.000000    0.000000    0.000000    0.000000    0.000000    0.000000    0.000000    0.000000    0.000000    0.000000    0.000000    0.000000    0.000000    0.000000    
Plums, raw                 9279        19.9576682  0.000000    0.000000    0.816450    6.906563    0.000000    3.477472    0.144580    0.000000    6.350167    1.053937    1.531970    1.208022    0.585521    0.690298    2.381313    0.000000    0.819729    2.951024    4.694588    0.000000    2.321280    14.363473   0.000000    2.358633    7.257334    
Pineapple, raw, all varie  9266        0.0         0.000000    0.000000    0.000000    0.000000    0.000000    0.000000    0.000000    0.000000    0.000000    0.000000    0.000000    0.000000    0.000000    0.000000    0.000000    0.000000    0.000000    0.000000    0.000000    0.000000    0.000000    0.000000    0.000000    0.000000    0.000000    
Pears, dried, sulfured, s  9260        5.66589320  0.000000    0.000000    0.618097    5.804965    0.000000    2.725638    0.041046    0.000000    8.241299    0.332453    2.609517    0.636911    0.509762    0.391945    1.545244    0.050388    0.535250    0.000000    0.162251    0.000000    0.795346    1.716937    0.000000    0.077262    3.187065    
Pears, raw                 9252        61.9981979  0.000000    0.000000    3.804435    28.613107   0.000000    13.385974   0.581233    0.000000    43.680547   0.727564    5.038986    2.948551    2.303954    2.278426    7.397512    0.183789    2.801123    2.037181    1.056787    0.000000    7.211020    20.196382   0.000000    3.381720    15.499549   
Peaches, dried, sulfured,  9246        0.0         0.000000    0.000000    0.000000    0.000000    0.000000    0.000000    0.000000    0.000000    0.000000    0.000000    0.000000    0.000000    0.000000    0.000000    0.000000    0.000000    0.000000    0.000000    0.000000    0.000000    0.000000    0.000000    0.000000    0.000000    0.000000    
Peaches, yellow, raw       9236        0.0         0.000000    0.000000    0.000000    0.000000    0.000000    0.000000    0.000000    0.000000    0.000000    0.000000    0.000000    0.000000    0.000000    0.000000    0.000000    0.000000    0.000000    0.000000    0.000000    0.000000    0.000000    0.000000    0.000000    0.000000    0.000000    
Papayas, raw               9226        0.0         0.000000    0.000000    0.000000    0.000000    0.000000    0.000000    0.000000    0.000000    0.000000    0.000000    0.000000    0.000000    0.000000    0.000000    0.000000    0.000000    0.000000    0.000000    0.000000    0.000000    0.000000    0.000000    0.000000    0.000000    0.000000    
Tangerines, (mandarin ora  9218        27.8975768  0.000000    0.000000    7.037798    11.277384   0.000000    5.600650    0.463639    0.000000    11.412645   1.800618    1.889511    2.050465    1.527797    1.929849    5.706322    0.165401    1.833357    0.916678    12.953352   0.000000    8.727317    56.429188   0.000000    2.536143    0.000000    
Oranges, raw, all commerc  9200        0.0         0.000000    0.000000    0.000000    0.000000    0.000000    0.000000    0.000000    0.000000    0.000000    0.000000    0.000000    0.000000    0.000000    0.000000    0.000000    0.000000    0.000000    0.000000    0.000000    0.000000    0.000000    0.000000    0.000000    0.000000    0.000000    
Mulberries, raw            9190        0.0         0.000000    0.000000    0.000000    0.000000    0.000000    0.000000    0.000000    0.000000    0.000000    0.000000    0.000000    0.000000    0.000000    0.000000    0.000000    0.000000    0.000000    0.000000    0.000000    0.000000    0.000000    0.000000    0.000000    0.000000    0.000000    
Melons, honeydew, raw      9184        0.0         0.000000    0.000000    0.000000    0.000000    0.000000    0.000000    0.000000    0.000000    0.000000    0.000000    0.000000    0.000000    0.000000    0.000000    0.000000    0.000000    0.000000    0.000000    0.000000    0.000000    0.000000    0.000000    0.000000    0.000000    0.000000    
Soy flour, full-fat, raw   16115       0.0         0.000000    0.000000    0.000000    0.000000    0.000000    0.000000    0.000000    0.000000    0.000000    0.000000    0.000000    0.000000    0.000000    0.000000    0.000000    0.000000    0.000000    0.000000    0.000000    0.000000    0.000000    0.000000    0.000000    0.000000    0.000000    
Litchis, raw               9164        0.0         0.000000    0.000000    0.000000    0.000000    0.000000    0.000000    0.000000    0.000000    0.000000    0.000000    0.000000    0.000000    0.000000    0.000000    0.000000    0.000000    0.000000    0.000000    0.000000    0.000000    0.000000    0.000000    0.000000    0.000000    0.000000    
Bulgur, dry                20012       0.0         0.000000    0.000000    0.000000    0.000000    0.000000    0.000000    0.000000    0.000000    0.000000    0.000000    0.000000    0.000000    0.000000    0.000000    0.000000    0.000000    0.000000    0.000000    0.000000    0.000000    0.000000    0.000000    0.000000    0.000000    0.000000    
Roselle, raw               9311        0.95855644  0.000000    0.000000    1.405157    0.328523    0.000000    0.177914    0.000000    0.000000    0.000000    0.000000    0.640577    0.000000    0.000000    0.000000    0.833291    0.017049    0.000000    0.000000    0.187572    0.000000    0.000000    0.871415    0.000000    0.000000    0.000000    
Sapodilla, raw             9313        0.0         0.000000    0.000000    0.000000    0.000000    0.000000    0.000000    0.000000    0.000000    0.000000    0.000000    0.000000    0.000000    0.000000    0.000000    0.000000    0.000000    0.000000    0.000000    0.000000    0.000000    0.000000    0.000000    0.000000    0.000000    0.000000    
Carrots, raw               11124       0.0         0.000000    0.000000    0.000000    0.000000    0.000000    0.000000    0.000000    0.000000    0.000000    0.000000    0.000000    0.000000    0.000000    0.000000    0.000000    0.000000    0.000000    0.000000    0.000000    0.000000    0.000000    0.000000    0.000000    0.000000    0.000000    
Mustard greens, raw        11270       0.0         0.000000    0.000000    0.000000    0.000000    0.000000    0.000000    0.000000    0.000000    0.000000    0.000000    0.000000    0.000000    0.000000    0.000000    0.000000    0.000000    0.000000    0.000000    0.000000    0.000000    0.000000    0.000000    0.000000    0.000000    0.000000    
Mushrooms, white, raw      11260       48.1290472  0.000000    0.000000    0.984458    4.754566    0.000000    4.010754    1.025477    0.000000    10.938419   16.096986   10.865980   15.814582   11.296130   11.132634   7.383433    0.713375    21.152004   27.675519   0.000000    5.048501    20.075217   7.656894    2.871335    0.218768    0.000000    
Lettuce, green leaf, raw   11253       0.0         0.000000    0.000000    0.000000    0.000000    0.000000    0.000000    0.000000    0.000000    0.000000    0.000000    0.000000    0.000000    0.000000    0.000000    0.000000    0.000000    0.000000    0.000000    0.000000    0.000000    0.000000    0.000000    0.000000    0.000000    0.000000    
Kale, raw                  11233       0.0         0.000000    0.000000    0.000000    0.000000    0.000000    0.000000    0.000000    0.000000    0.000000    0.000000    0.000000    0.000000    0.000000    0.000000    0.000000    0.000000    0.000000    0.000000    0.000000    0.000000    0.000000    0.000000    0.000000    0.000000    0.000000    
Ginger root, raw           11216       0.0         0.000000    0.000000    0.000000    0.000000    0.000000    0.000000    0.000000    0.000000    0.000000    0.000000    0.000000    0.000000    0.000000    0.000000    0.000000    0.000000    0.000000    0.000000    0.000000    0.000000    0.000000    0.000000    0.000000    0.000000    0.000000    
Eggplant, raw              11209       62.4828553  0.000000    0.000000    3.834175    11.133308   0.000000    5.916937    0.905291    0.000000    42.601945   8.432399    6.489038    12.156548   7.821355    6.348419    14.910681   0.370452    9.495614    9.238976    0.979845    0.000000    21.050373   10.413809   0.000000    8.520389    12.425567   
Cucumber, with peel, raw   11205       64.4501340  0.000000    0.000000    7.030923    7.089515    0.000000    3.661939    1.016188    0.000000    7.323879    3.781693    8.148421    5.851672    3.655636    4.040440    14.281563   0.382115    5.029652    5.294370    4.614044    0.000000    10.339593   13.671240   0.000000    0.878865    60.055805   
Coriander (cilantro) leav  11165       0.0         0.000000    0.000000    0.000000    0.000000    0.000000    0.000000    0.000000    0.000000    0.000000    0.000000    0.000000    0.000000    0.000000    0.000000    0.000000    0.000000    0.000000    0.000000    0.000000    0.000000    0.000000    0.000000    0.000000    0.000000    0.000000    
Cabbage, raw               11109       10.5051223  0.000000    0.000000    2.865033    1.846355    0.000000    0.994803    0.152205    0.000000    5.968819    1.356083    2.229413    1.362571    0.842415    0.999219    2.148775    0.560550    1.510183    1.898516    0.701933    0.000000    5.224472    29.127838   0.000000    0.716258    45.363027   
Strawberries, raw          9316        0.0         0.000000    0.000000    0.000000    0.000000    0.000000    0.000000    0.000000    0.000000    0.000000    0.000000    0.000000    0.000000    0.000000    0.000000    0.000000    0.000000    0.000000    0.000000    0.000000    0.000000    0.000000    0.000000    0.000000    0.000000    0.000000    
Broccoli, raw              11090       0.0         0.000000    0.000000    0.000000    0.000000    0.000000    0.000000    0.000000    0.000000    0.000000    0.000000    0.000000    0.000000    0.000000    0.000000    0.000000    0.000000    0.000000    0.000000    0.000000    0.000000    0.000000    0.000000    0.000000    0.000000    0.000000    
Beets, raw                 11080       56.7089107  0.000000    0.000000    6.186426    16.428399   0.000000    9.236678    0.652475    0.000000    36.087488   6.987680    20.484856   11.768725   7.542258    7.110271    22.232470   13.112534   10.947366   17.702124   1.275950    0.000000    15.238624   21.051034   0.000000    1.031071    0.644419    
Beans, snap, green, raw    11052       25.7449562  0.000000    0.000000    6.494750    5.437647    0.000000    3.023082    0.548543    0.000000    15.798041   5.136100    11.973497   7.346373    5.639640    4.897582    10.970862   0.457914    8.353716    8.036487    12.111831   0.000000    14.558979   23.794580   0.000000    4.797924    62.899607   
Amaranth leaves, raw       11003       3.12872099  0.000000    0.000000    4.586420    0.381135    0.000000    0.272578    0.121327    0.000000    0.000000    0.954625    3.277528    1.609721    1.193281    0.858969    2.933176    0.185497    1.272221    1.593489    6.222599    0.000000    2.409282    10.263153   0.000000    0.000000    202.655785  
Apples, raw, red deliciou  9500        50.2903536  0.000000    0.000000    2.057333    21.426738   0.000000    11.239132   0.000000    0.000000    26.288139   1.475425    2.497865    1.304586    1.278702    1.413302    4.286110    0.149082    1.239357    0.826238    1.885888    0.000000    6.857775    0.000000    0.000000    5.486220    7.429257    
Dates, medjool             9421        0.0         0.000000    0.000000    0.000000    0.000000    0.000000    0.000000    0.000000    0.000000    0.000000    0.000000    0.000000    0.000000    0.000000    0.000000    0.000000    0.000000    0.000000    0.000000    0.000000    0.000000    0.000000    0.000000    0.000000    0.000000    0.000000    
Tamarinds, raw             9322        30.7218906  0.000000    0.000000    15.500590   58.185397   0.000000    27.812620   3.560946    0.000000    35.609463   0.000000    38.841643   0.000000    0.000000    9.231443    48.177509   2.550038    0.000000    9.085334    0.628402    0.000000    8.132265    8.145956    0.000000    1.396450    4.887573    
Sugar-apples, (sweetsop),  9321        28.1547079  0.000000    0.000000    4.607134    20.169008   0.000000    10.024782   0.575892    0.000000    28.154707   0.000000    7.627705    0.000000    0.000000    3.347500    10.078105   0.751163    0.000000    4.625636    0.115178    0.000000    22.583990   77.425444   0.000000    0.000000    0.000000    
Rhubarb, raw               9307        7.40808068  0.000000    0.000000    4.343829    1.019172    0.000000    0.589279    0.167313    0.000000    3.030578    0.000000    0.735902    0.000000    0.000000    0.000000    1.515289    0.087843    0.000000    0.000000    0.515198    0.000000    0.713077    4.489746    0.000000    0.909174    12.332770   
Millet, raw                20031       0.0         0.000000    0.000000    0.000000    0.000000    0.000000    0.000000    0.000000    0.000000    0.000000    0.000000    0.000000    0.000000    0.000000    0.000000    0.000000    0.000000    0.000000    0.000000    0.000000    0.000000    0.000000    0.000000    0.000000    0.000000    0.000000    
Chicken, broilers or frye  5053        0.0         0.000000    0.000000    0.000000    0.000000    0.000000    0.000000    0.000000    0.000000    0.000000    0.000000    0.000000    0.000000    0.000000    0.000000    0.000000    0.000000    0.000000    0.000000    0.000000    0.000000    0.000000    0.000000    0.000000    0.000000    0.000000    
Chicken, broilers or frye  5105        0.0         0.000000    0.000000    0.000000    0.000000    0.000000    0.000000    0.000000    0.000000    0.000000    0.000000    0.000000    0.000000    0.000000    0.000000    0.000000    0.000000    0.000000    0.000000    0.000000    0.000000    0.000000    0.000000    0.000000    0.000000    0.000000    
Cranberries, raw           9078        0.0         0.000000    0.000000    0.000000    0.000000    0.000000    0.000000    0.000000    0.000000    0.000000    0.000000    0.000000    0.000000    0.000000    0.000000    0.000000    0.000000    0.000000    0.000000    0.000000    0.000000    0.000000    0.000000    0.000000    0.000000    0.000000    
Oil, peanut, salad or coo  4042        0.0         0.000000    0.000000    0.000000    0.000000    0.000000    0.000000    0.000000    0.000000    0.000000    0.000000    0.000000    0.000000    0.000000    0.000000    0.000000    0.000000    0.000000    0.000000    0.000000    0.000000    0.000000    0.000000    0.000000    0.000000    0.000000    
Nuts, walnuts, black, dri  12154       26.6116582  360.324688  303.577018  11.068030   7.725445    0.000000    62.396273   39.497899   0.000000    41.127107   104.930960  37.490234   111.143978  87.650663   41.017420   91.175167   0.157777    78.807523   139.033522  0.725772    0.000000    62.224317   3.427259    0.000000    25.160112   4.082470    
Litchis, dried             9165        0.0         0.000000    0.000000    0.000000    0.000000    0.000000    0.000000    0.000000    0.000000    0.000000    0.000000    0.000000    0.000000    0.000000    0.000000    0.000000    0.000000    0.000000    0.000000    0.000000    0.000000    0.000000    0.000000    0.000000    0.000000    0.000000    
Beans, french, mature see  16022       0.0         0.000000    0.000000    0.000000    0.000000    0.000000    0.000000    0.000000    0.000000    0.000000    0.000000    0.000000    0.000000    0.000000    0.000000    0.000000    0.000000    0.000000    0.000000    0.000000    0.000000    0.000000    0.000000    0.000000    0.000000    0.000000    
Raisins, dark, seedless (  9298        0.0         0.000000    0.000000    0.000000    0.000000    0.000000    0.000000    0.000000    0.000000    0.000000    0.000000    0.000000    0.000000    0.000000    0.000000    0.000000    0.000000    0.000000    0.000000    0.000000    0.000000    0.000000    0.000000    0.000000    0.000000    0.000000    
Mangos, raw                9176        0.0         0.000000    0.000000    0.000000    0.000000    0.000000    0.000000    0.000000    0.000000    0.000000    0.000000    0.000000    0.000000    0.000000    0.000000    0.000000    0.000000    0.000000    0.000000    0.000000    0.000000    0.000000    0.000000    0.000000    0.000000    0.000000    
-------------------------  ----------  ----------  ----------  ----------  ----------  ----------  ----------  ----------  ----------  ----------  ----------  ----------  ----------  ----------  ----------  ----------  ----------  ----------  ----------  ----------  ----------  ----------  ----------  ----------  ----------  ----------  ----------  
Total                                              650.731288  689.348838  669.800165  677.705166  678.199434  733.822754  677.630580  0.28975567  689.030463  629.149759  685.589851  823.890171  640.654318  589.741751  668.250152  681.859195  652.717164  745.089278  691.832258  683.260561  660.941797  688.165943  672.987079  672.901958  680.869474  
-------------------------  ----------  ----------  ----------  ----------  ----------  ----------  ----------  ----------  ----------  ----------  ----------  ----------  ----------  ----------  ----------  ----------  ----------  ----------  ----------  ----------  ----------  ----------  ----------  ----------  ----------  ----------  ----------  
Required                                           681.81816   681.818159  681.818159  681.818159  681.818159  681.818159  681.818159  0.0         681.818159  681.818159  681.818159  681.818159  681.818159  681.818159  681.818159  681.818159  681.818159  681.818159  681.818159  681.818159  681.818159  681.818159  681.818159  681.818159  681.818159  
-------------------------  ----------  ----------  ----------  ----------  ----------  ----------  ----------  ----------  ----------  ----------  ----------  ----------  ----------  ----------  ----------  ----------  ----------  ----------  ----------  ----------  ----------  ----------  ----------  ----------  ----------  ----------  ----------  
Difference                                         31.0868718  -7.5306785  12.0179948  4.11299372  3.61872545  -52.004594  4.18757988  -0.2897556  -7.2123038  52.6684009  -3.7716914  -142.07201  41.1638415  92.0764082  13.5680074  -0.0410356  29.1009952  -63.271118  -10.014098  -1.4424017  20.8763621  -6.3477832  8.83108050  8.91620183  0.94868548  
-------------------------  ----------  ----------  ----------  ----------  ----------  ----------  ----------  ----------  ----------  ----------  ----------  ----------  ----------  ----------  ----------  ----------  ----------  ----------  ----------  ----------  ----------  ----------  ----------  ----------  ----------  ----------  ----------  
